epoch:0 0.0369  0.1110  0.0123  0.0374  0.0371  -1.0000  0.0106  0.0359  0.0701  0.0704  0.0630  -1.0000  0.6403  0.005000
epoch:1 0.0553  0.1636  0.0184  0.0550  0.0913  -1.0000  0.0134  0.0452  0.0962  0.0959  0.1237  -1.0000  0.5358  0.004990
epoch:2 0.0775  0.1898  0.0466  0.0771  0.1140  -1.0000  0.0161  0.0529  0.1183  0.1179  0.1603  -1.0000  0.4989  0.004962
epoch:3 0.0740  0.2009  0.0308  0.0732  0.1311  -1.0000  0.0165  0.0547  0.1170  0.1164  0.1599  -1.0000  0.4792  0.004915
epoch:4 0.0907  0.2198  0.0545  0.0900  0.1489  -1.0000  0.0191  0.0600  0.1309  0.1292  0.1971  -1.0000  0.4626  0.004849
epoch:5 0.0991  0.2401  0.0614  0.0993  0.1664  -1.0000  0.0250  0.0703  0.1397  0.1395  0.1978  -1.0000  0.4535  0.004766
epoch:6 0.1040  0.2622  0.0577  0.1017  0.1947  -1.0000  0.0242  0.0752  0.1494  0.1464  0.2485  -1.0000  0.4408  0.004665
epoch:7 0.1135  0.2895  0.0594  0.1112  0.1973  -1.0000  0.0312  0.0933  0.1725  0.1712  0.2304  -1.0000  0.4316  0.004548
epoch:8 0.1283  0.3215  0.0766  0.1258  0.2174  -1.0000  0.0346  0.1068  0.1940  0.1930  0.2582  -1.0000  0.4229  0.004415
epoch:9 0.1167  0.3130  0.0459  0.1138  0.2180  -1.0000  0.0342  0.1053  0.1886  0.1867  0.2759  -1.0000  0.4141  0.004268
epoch:10 0.1349  0.3353  0.0813  0.1321  0.2648  -1.0000  0.0408  0.1197  0.2077  0.2056  0.3194  -1.0000  0.4060  0.004107
epoch:11 0.1470  0.3590  0.0889  0.1458  0.2480  -1.0000  0.0428  0.1336  0.2371  0.2381  0.3074  -1.0000  0.3989  0.003934
epoch:12 0.1413  0.3756  0.0741  0.1399  0.2539  -1.0000  0.0441  0.1306  0.2299  0.2314  0.2960  -1.0000  0.3899  0.003750
epoch:13 0.1594  0.3998  0.0950  0.1573  0.2735  -1.0000  0.0505  0.1432  0.2455  0.2467  0.3331  -1.0000  0.3862  0.003557
epoch:14 0.1745  0.4288  0.1064  0.1724  0.3029  -1.0000  0.0546  0.1524  0.2748  0.2770  0.3456  -1.0000  0.3765  0.003355
epoch:15 0.1763  0.4291  0.1141  0.1752  0.2933  -1.0000  0.0525  0.1552  0.2723  0.2732  0.3464  -1.0000  0.3690  0.003147
epoch:16 0.1928  0.4619  0.1178  0.1924  0.3195  -1.0000  0.0577  0.1640  0.2924  0.2927  0.3695  -1.0000  0.3604  0.002935
epoch:17 0.2030  0.4879  0.1290  0.2036  0.3045  -1.0000  0.0610  0.1776  0.2970  0.2993  0.3556  -1.0000  0.3544  0.002718
epoch:18 0.2055  0.4892  0.1351  0.2042  0.3248  -1.0000  0.0594  0.1753  0.3037  0.3048  0.3722  -1.0000  0.3468  0.002501
epoch:19 0.2202  0.5068  0.1500  0.2202  0.3427  -1.0000  0.0642  0.1880  0.3152  0.3147  0.3979  -1.0000  0.3386  0.002283
epoch:20 0.2245  0.5133  0.1574  0.2236  0.3349  -1.0000  0.0648  0.1890  0.3194  0.3206  0.3766  -1.0000  0.3331  0.002066
epoch:21 0.2375  0.5329  0.1638  0.2376  0.3525  -1.0000  0.0665  0.1966  0.3253  0.3271  0.3900  -1.0000  0.3268  0.001854
epoch:22 0.2426  0.5491  0.1746  0.2420  0.3644  -1.0000  0.0677  0.2000  0.3307  0.3324  0.4000  -1.0000  0.3190  0.001646
epoch:23 0.2567  0.5675  0.1871  0.2574  0.3734  -1.0000  0.0737  0.2125  0.3402  0.3431  0.4036  -1.0000  0.3133  0.001444
epoch:24 0.2542  0.5559  0.1904  0.2542  0.3729  -1.0000  0.0732  0.2063  0.3374  0.3394  0.4057  -1.0000  0.3074  0.001251
epoch:25 0.2575  0.5537  0.2013  0.2573  0.3834  -1.0000  0.0716  0.2122  0.3369  0.3373  0.4240  -1.0000  0.2986  0.001067
epoch:26 0.2791  0.5856  0.2307  0.2806  0.4054  -1.0000  0.0783  0.2299  0.3659  0.3678  0.4482  -1.0000  0.2942  0.000894
epoch:27 0.2725  0.5750  0.2240  0.2738  0.3956  -1.0000  0.0780  0.2187  0.3560  0.3581  0.4269  -1.0000  0.2896  0.000733
